Designator,Comment,Layer,Footprint,Mid X,Mid Y,Rotation,Description
C153,Capacitor 100nF +/-20% 25V 0402,Top,CAPC0402(1005)60_L,119.888,20.32,360,"Chip Capacitor, 100nF +/-20%, 25V, 0402, Thickness 0.6 mm"
C152,Capacitor 100nF +/-20% 25V 0402,Top,CAPC0402(1005)60_L,101.346,20.32,360,"Chip Capacitor, 100nF +/-20%, 25V, 0402, Thickness 0.6 mm"
C151,Capacitor 100nF +/-20% 25V 0402,Top,CAPC0402(1005)60_L,82.296,20.32,360,"Chip Capacitor, 100nF +/-20%, 25V, 0402, Thickness 0.6 mm"
C150,Capacitor 100nF +/-20% 25V 0402,Top,CAPC0402(1005)60_L,62.738,20.32,360,"Chip Capacitor, 100nF +/-20%, 25V, 0402, Thickness 0.6 mm"
C159,Capacitor 100nF +/-20% 25V 0402,Bottom,CAPC0402(1005)60_L,105.664,190.754,0,"Chip Capacitor, 100nF +/-20%, 25V, 0402, Thickness 0.6 mm"
C158,Capacitor 100nF +/-20% 25V 0402,Bottom,CAPC0402(1005)60_L,76.904,190.754,0,"Chip Capacitor, 100nF +/-20%, 25V, 0402, Thickness 0.6 mm"
C157,Capacitor 100nF +/-20% 25V 0402,Bottom,CAPC0402(1005)60_L,134.874,172.974,0,"Chip Capacitor, 100nF +/-20%, 25V, 0402, Thickness 0.6 mm"
C156,Capacitor 100nF +/-20% 25V 0402,Bottom,CAPC0402(1005)60_L,106.934,172.974,0,"Chip Capacitor, 100nF +/-20%, 25V, 0402, Thickness 0.6 mm"
C155,Capacitor 100nF +/-20% 25V 0402,Bottom,CAPC0402(1005)60_L,77.216,172.974,0,"Chip Capacitor, 100nF +/-20%, 25V, 0402, Thickness 0.6 mm"
C154,Capacitor 100nF +/-20% 25V 0402,Bottom,CAPC0402(1005)60_L,48.318,172.974,0,"Chip Capacitor, 100nF +/-20%, 25V, 0402, Thickness 0.6 mm"
C149,Capacitor 100nF +/-20% 25V 0402,Top,CAPC0402(1005)60_L,19.7851,180.9124,360,"Chip Capacitor, 100nF +/-20%, 25V, 0402, Thickness 0.6 mm"
C148,Capacitor 100nF +/-20% 25V 0402,Top,CAPC0402(1005)60_L,164.9251,195.5264,360,"Chip Capacitor, 100nF +/-20%, 25V, 0402, Thickness 0.6 mm"
C147,Capacitor 100nF +/-20% 25V 0402,Top,CAPC0402(1005)60_L,150.4111,195.5264,360,"Chip Capacitor, 100nF +/-20%, 25V, 0402, Thickness 0.6 mm"
C146,Capacitor 100nF +/-20% 25V 0402,Top,CAPC0402(1005)60_L,135.8971,195.5264,360,"Chip Capacitor, 100nF +/-20%, 25V, 0402, Thickness 0.6 mm"
C145,Capacitor 100nF +/-20% 25V 0402,Top,CAPC0402(1005)60_L,121.3831,195.5264,360,"Chip Capacitor, 100nF +/-20%, 25V, 0402, Thickness 0.6 mm"
C144,Capacitor 100nF +/-20% 25V 0402,Top,CAPC0402(1005)60_L,106.8691,195.5264,360,"Chip Capacitor, 100nF +/-20%, 25V, 0402, Thickness 0.6 mm"
C143,Capacitor 100nF +/-20% 25V 0402,Top,CAPC0402(1005)60_L,92.3551,195.5264,360,"Chip Capacitor, 100nF +/-20%, 25V, 0402, Thickness 0.6 mm"
C142,Capacitor 100nF +/-20% 25V 0402,Top,CAPC0402(1005)60_L,77.8411,195.5264,360,"Chip Capacitor, 100nF +/-20%, 25V, 0402, Thickness 0.6 mm"
C141,Capacitor 100nF +/-20% 25V 0402,Top,CAPC0402(1005)60_L,63.3271,195.5264,360,"Chip Capacitor, 100nF +/-20%, 25V, 0402, Thickness 0.6 mm"
C140,Capacitor 100nF +/-20% 25V 0402,Top,CAPC0402(1005)60_L,48.8131,195.5264,360,"Chip Capacitor, 100nF +/-20%, 25V, 0402, Thickness 0.6 mm"
C139,Capacitor 100nF +/-20% 25V 0402,Top,CAPC0402(1005)60_L,34.2991,195.5264,360,"Chip Capacitor, 100nF +/-20%, 25V, 0402, Thickness 0.6 mm"
C138,Capacitor 100nF +/-20% 25V 0402,Top,CAPC0402(1005)60_L,19.7851,195.5264,360,"Chip Capacitor, 100nF +/-20%, 25V, 0402, Thickness 0.6 mm"
C137,Capacitor 100nF +/-20% 25V 0402,Top,CAPC0402(1005)60_L,34.2991,166.2984,360,"Chip Capacitor, 100nF +/-20%, 25V, 0402, Thickness 0.6 mm"
C136,Capacitor 100nF +/-20% 25V 0402,Top,CAPC0402(1005)60_L,19.7851,166.2984,360,"Chip Capacitor, 100nF +/-20%, 25V, 0402, Thickness 0.6 mm"
C135,Capacitor 100nF +/-20% 25V 0402,Top,CAPC0402(1005)60_L,164.9251,180.9124,360,"Chip Capacitor, 100nF +/-20%, 25V, 0402, Thickness 0.6 mm"
C134,Capacitor 100nF +/-20% 25V 0402,Top,CAPC0402(1005)60_L,150.4111,180.9124,360,"Chip Capacitor, 100nF +/-20%, 25V, 0402, Thickness 0.6 mm"
C133,Capacitor 100nF +/-20% 25V 0402,Top,CAPC0402(1005)60_L,135.8971,180.9124,360,"Chip Capacitor, 100nF +/-20%, 25V, 0402, Thickness 0.6 mm"
C132,Capacitor 100nF +/-20% 25V 0402,Top,CAPC0402(1005)60_L,121.3831,180.9124,360,"Chip Capacitor, 100nF +/-20%, 25V, 0402, Thickness 0.6 mm"
C131,Capacitor 100nF +/-20% 25V 0402,Top,CAPC0402(1005)60_L,106.8691,180.9124,360,"Chip Capacitor, 100nF +/-20%, 25V, 0402, Thickness 0.6 mm"
C130,Capacitor 100nF +/-20% 25V 0402,Top,CAPC0402(1005)60_L,92.3551,180.9124,360,"Chip Capacitor, 100nF +/-20%, 25V, 0402, Thickness 0.6 mm"
C129,Capacitor 100nF +/-20% 25V 0402,Top,CAPC0402(1005)60_L,77.8411,180.9124,360,"Chip Capacitor, 100nF +/-20%, 25V, 0402, Thickness 0.6 mm"
C128,Capacitor 100nF +/-20% 25V 0402,Top,CAPC0402(1005)60_L,63.3271,180.9124,360,"Chip Capacitor, 100nF +/-20%, 25V, 0402, Thickness 0.6 mm"
C127,Capacitor 100nF +/-20% 25V 0402,Top,CAPC0402(1005)60_L,48.8131,180.9124,360,"Chip Capacitor, 100nF +/-20%, 25V, 0402, Thickness 0.6 mm"
C126,Capacitor 100nF +/-20% 25V 0402,Top,CAPC0402(1005)60_L,34.2991,180.9124,360,"Chip Capacitor, 100nF +/-20%, 25V, 0402, Thickness 0.6 mm"
C125,Capacitor 100nF +/-20% 25V 0402,Top,CAPC0402(1005)60_L,48.8131,151.6844,360,"Chip Capacitor, 100nF +/-20%, 25V, 0402, Thickness 0.6 mm"
C124,Capacitor 100nF +/-20% 25V 0402,Top,CAPC0402(1005)60_L,34.2991,151.6844,360,"Chip Capacitor, 100nF +/-20%, 25V, 0402, Thickness 0.6 mm"
C123,Capacitor 100nF +/-20% 25V 0402,Top,CAPC0402(1005)60_L,19.7851,151.6844,360,"Chip Capacitor, 100nF +/-20%, 25V, 0402, Thickness 0.6 mm"
C122,Capacitor 100nF +/-20% 25V 0402,Top,CAPC0402(1005)60_L,164.9251,166.2984,360,"Chip Capacitor, 100nF +/-20%, 25V, 0402, Thickness 0.6 mm"
C121,Capacitor 100nF +/-20% 25V 0402,Top,CAPC0402(1005)60_L,150.4111,166.2984,360,"Chip Capacitor, 100nF +/-20%, 25V, 0402, Thickness 0.6 mm"
C120,Capacitor 100nF +/-20% 25V 0402,Top,CAPC0402(1005)60_L,135.8971,166.2984,360,"Chip Capacitor, 100nF +/-20%, 25V, 0402, Thickness 0.6 mm"
C119,Capacitor 100nF +/-20% 25V 0402,Top,CAPC0402(1005)60_L,121.3831,166.2984,360,"Chip Capacitor, 100nF +/-20%, 25V, 0402, Thickness 0.6 mm"
C118,Capacitor 100nF +/-20% 25V 0402,Top,CAPC0402(1005)60_L,106.8691,166.2984,360,"Chip Capacitor, 100nF +/-20%, 25V, 0402, Thickness 0.6 mm"
C117,Capacitor 100nF +/-20% 25V 0402,Top,CAPC0402(1005)60_L,92.3551,166.2984,360,"Chip Capacitor, 100nF +/-20%, 25V, 0402, Thickness 0.6 mm"
C116,Capacitor 100nF +/-20% 25V 0402,Top,CAPC0402(1005)60_L,77.8411,166.2984,360,"Chip Capacitor, 100nF +/-20%, 25V, 0402, Thickness 0.6 mm"
C115,Capacitor 100nF +/-20% 25V 0402,Top,CAPC0402(1005)60_L,63.3271,166.2984,360,"Chip Capacitor, 100nF +/-20%, 25V, 0402, Thickness 0.6 mm"
C114,Capacitor 100nF +/-20% 25V 0402,Top,CAPC0402(1005)60_L,48.8131,166.2984,360,"Chip Capacitor, 100nF +/-20%, 25V, 0402, Thickness 0.6 mm"
C113,Capacitor 100nF +/-20% 25V 0402,Top,CAPC0402(1005)60_L,63.3271,137.0704,360,"Chip Capacitor, 100nF +/-20%, 25V, 0402, Thickness 0.6 mm"
C112,Capacitor 100nF +/-20% 25V 0402,Top,CAPC0402(1005)60_L,48.8131,137.0704,360,"Chip Capacitor, 100nF +/-20%, 25V, 0402, Thickness 0.6 mm"
C111,Capacitor 100nF +/-20% 25V 0402,Top,CAPC0402(1005)60_L,34.2991,137.0704,360,"Chip Capacitor, 100nF +/-20%, 25V, 0402, Thickness 0.6 mm"
C110,Capacitor 100nF +/-20% 25V 0402,Top,CAPC0402(1005)60_L,19.7851,137.0704,360,"Chip Capacitor, 100nF +/-20%, 25V, 0402, Thickness 0.6 mm"
C109,Capacitor 100nF +/-20% 25V 0402,Top,CAPC0402(1005)60_L,164.9251,151.6844,360,"Chip Capacitor, 100nF +/-20%, 25V, 0402, Thickness 0.6 mm"
C108,Capacitor 100nF +/-20% 25V 0402,Top,CAPC0402(1005)60_L,150.4111,151.6844,360,"Chip Capacitor, 100nF +/-20%, 25V, 0402, Thickness 0.6 mm"
C107,Capacitor 100nF +/-20% 25V 0402,Top,CAPC0402(1005)60_L,135.8971,151.6844,360,"Chip Capacitor, 100nF +/-20%, 25V, 0402, Thickness 0.6 mm"
C106,Capacitor 100nF +/-20% 25V 0402,Top,CAPC0402(1005)60_L,121.3831,151.6844,360,"Chip Capacitor, 100nF +/-20%, 25V, 0402, Thickness 0.6 mm"
C105,Capacitor 100nF +/-20% 25V 0402,Top,CAPC0402(1005)60_L,106.8691,151.6844,360,"Chip Capacitor, 100nF +/-20%, 25V, 0402, Thickness 0.6 mm"
C104,Capacitor 100nF +/-20% 25V 0402,Top,CAPC0402(1005)60_L,92.3551,151.6844,360,"Chip Capacitor, 100nF +/-20%, 25V, 0402, Thickness 0.6 mm"
C103,Capacitor 100nF +/-20% 25V 0402,Top,CAPC0402(1005)60_L,77.8411,151.6844,360,"Chip Capacitor, 100nF +/-20%, 25V, 0402, Thickness 0.6 mm"
C102,Capacitor 100nF +/-20% 25V 0402,Top,CAPC0402(1005)60_L,63.3271,151.6844,360,"Chip Capacitor, 100nF +/-20%, 25V, 0402, Thickness 0.6 mm"
C101,Capacitor 100nF +/-20% 25V 0402,Top,CAPC0402(1005)60_L,77.8411,122.4564,360,"Chip Capacitor, 100nF +/-20%, 25V, 0402, Thickness 0.6 mm"
C100,Capacitor 100nF +/-20% 25V 0402,Top,CAPC0402(1005)60_L,63.3271,122.4564,360,"Chip Capacitor, 100nF +/-20%, 25V, 0402, Thickness 0.6 mm"
C99,Capacitor 100nF +/-20% 25V 0402,Top,CAPC0402(1005)60_L,48.8131,122.4564,360,"Chip Capacitor, 100nF +/-20%, 25V, 0402, Thickness 0.6 mm"
C98,Capacitor 100nF +/-20% 25V 0402,Top,CAPC0402(1005)60_L,34.2991,122.4564,360,"Chip Capacitor, 100nF +/-20%, 25V, 0402, Thickness 0.6 mm"
C97,Capacitor 100nF +/-20% 25V 0402,Top,CAPC0402(1005)60_L,19.7851,122.4564,360,"Chip Capacitor, 100nF +/-20%, 25V, 0402, Thickness 0.6 mm"
C96,Capacitor 100nF +/-20% 25V 0402,Top,CAPC0402(1005)60_L,164.9251,137.0704,360,"Chip Capacitor, 100nF +/-20%, 25V, 0402, Thickness 0.6 mm"
C95,Capacitor 100nF +/-20% 25V 0402,Top,CAPC0402(1005)60_L,150.4111,137.0704,360,"Chip Capacitor, 100nF +/-20%, 25V, 0402, Thickness 0.6 mm"
C94,Capacitor 100nF +/-20% 25V 0402,Top,CAPC0402(1005)60_L,135.8971,137.0704,360,"Chip Capacitor, 100nF +/-20%, 25V, 0402, Thickness 0.6 mm"
C93,Capacitor 100nF +/-20% 25V 0402,Top,CAPC0402(1005)60_L,121.3831,137.0704,360,"Chip Capacitor, 100nF +/-20%, 25V, 0402, Thickness 0.6 mm"
C92,Capacitor 100nF +/-20% 25V 0402,Top,CAPC0402(1005)60_L,106.8691,137.0704,360,"Chip Capacitor, 100nF +/-20%, 25V, 0402, Thickness 0.6 mm"
C91,Capacitor 100nF +/-20% 25V 0402,Top,CAPC0402(1005)60_L,92.3551,137.0704,360,"Chip Capacitor, 100nF +/-20%, 25V, 0402, Thickness 0.6 mm"
C90,Capacitor 100nF +/-20% 25V 0402,Top,CAPC0402(1005)60_L,77.8411,137.0704,360,"Chip Capacitor, 100nF +/-20%, 25V, 0402, Thickness 0.6 mm"
C89,Capacitor 100nF +/-20% 25V 0402,Top,CAPC0402(1005)60_L,92.3551,107.8424,360,"Chip Capacitor, 100nF +/-20%, 25V, 0402, Thickness 0.6 mm"
C88,Capacitor 100nF +/-20% 25V 0402,Top,CAPC0402(1005)60_L,77.8411,107.8424,360,"Chip Capacitor, 100nF +/-20%, 25V, 0402, Thickness 0.6 mm"
C87,Capacitor 100nF +/-20% 25V 0402,Top,CAPC0402(1005)60_L,63.3271,107.8424,360,"Chip Capacitor, 100nF +/-20%, 25V, 0402, Thickness 0.6 mm"
C86,Capacitor 100nF +/-20% 25V 0402,Top,CAPC0402(1005)60_L,48.8131,107.8424,360,"Chip Capacitor, 100nF +/-20%, 25V, 0402, Thickness 0.6 mm"
C85,Capacitor 100nF +/-20% 25V 0402,Top,CAPC0402(1005)60_L,34.2991,107.8424,360,"Chip Capacitor, 100nF +/-20%, 25V, 0402, Thickness 0.6 mm"
C84,Capacitor 100nF +/-20% 25V 0402,Top,CAPC0402(1005)60_L,19.7851,107.8424,360,"Chip Capacitor, 100nF +/-20%, 25V, 0402, Thickness 0.6 mm"
C83,Capacitor 100nF +/-20% 25V 0402,Top,CAPC0402(1005)60_L,164.9251,122.4564,360,"Chip Capacitor, 100nF +/-20%, 25V, 0402, Thickness 0.6 mm"
C82,Capacitor 100nF +/-20% 25V 0402,Top,CAPC0402(1005)60_L,150.4111,122.4564,360,"Chip Capacitor, 100nF +/-20%, 25V, 0402, Thickness 0.6 mm"
C81,Capacitor 100nF +/-20% 25V 0402,Top,CAPC0402(1005)60_L,135.8971,122.4564,360,"Chip Capacitor, 100nF +/-20%, 25V, 0402, Thickness 0.6 mm"
C80,Capacitor 100nF +/-20% 25V 0402,Top,CAPC0402(1005)60_L,121.3831,122.4564,360,"Chip Capacitor, 100nF +/-20%, 25V, 0402, Thickness 0.6 mm"
C79,Capacitor 100nF +/-20% 25V 0402,Top,CAPC0402(1005)60_L,106.8691,122.4564,360,"Chip Capacitor, 100nF +/-20%, 25V, 0402, Thickness 0.6 mm"
C78,Capacitor 100nF +/-20% 25V 0402,Top,CAPC0402(1005)60_L,92.3551,122.4564,360,"Chip Capacitor, 100nF +/-20%, 25V, 0402, Thickness 0.6 mm"
C77,Capacitor 100nF +/-20% 25V 0402,Top,CAPC0402(1005)60_L,106.8691,93.2284,360,"Chip Capacitor, 100nF +/-20%, 25V, 0402, Thickness 0.6 mm"
C76,Capacitor 100nF +/-20% 25V 0402,Top,CAPC0402(1005)60_L,92.3551,93.2284,360,"Chip Capacitor, 100nF +/-20%, 25V, 0402, Thickness 0.6 mm"
C75,Capacitor 100nF +/-20% 25V 0402,Top,CAPC0402(1005)60_L,77.8411,93.2284,360,"Chip Capacitor, 100nF +/-20%, 25V, 0402, Thickness 0.6 mm"
C74,Capacitor 100nF +/-20% 25V 0402,Top,CAPC0402(1005)60_L,63.3271,93.2284,360,"Chip Capacitor, 100nF +/-20%, 25V, 0402, Thickness 0.6 mm"
C73,Capacitor 100nF +/-20% 25V 0402,Top,CAPC0402(1005)60_L,48.8131,93.2284,360,"Chip Capacitor, 100nF +/-20%, 25V, 0402, Thickness 0.6 mm"
C72,Capacitor 100nF +/-20% 25V 0402,Top,CAPC0402(1005)60_L,34.2991,93.2284,360,"Chip Capacitor, 100nF +/-20%, 25V, 0402, Thickness 0.6 mm"
C71,Capacitor 100nF +/-20% 25V 0402,Top,CAPC0402(1005)60_L,19.7851,93.2284,360,"Chip Capacitor, 100nF +/-20%, 25V, 0402, Thickness 0.6 mm"
C70,Capacitor 100nF +/-20% 25V 0402,Top,CAPC0402(1005)60_L,164.9251,107.8424,360,"Chip Capacitor, 100nF +/-20%, 25V, 0402, Thickness 0.6 mm"
C69,Capacitor 100nF +/-20% 25V 0402,Top,CAPC0402(1005)60_L,150.4111,107.8424,360,"Chip Capacitor, 100nF +/-20%, 25V, 0402, Thickness 0.6 mm"
C68,Capacitor 100nF +/-20% 25V 0402,Top,CAPC0402(1005)60_L,135.8971,107.8424,360,"Chip Capacitor, 100nF +/-20%, 25V, 0402, Thickness 0.6 mm"
C67,Capacitor 100nF +/-20% 25V 0402,Top,CAPC0402(1005)60_L,121.3831,107.8424,360,"Chip Capacitor, 100nF +/-20%, 25V, 0402, Thickness 0.6 mm"
C66,Capacitor 100nF +/-20% 25V 0402,Top,CAPC0402(1005)60_L,106.8691,107.8424,360,"Chip Capacitor, 100nF +/-20%, 25V, 0402, Thickness 0.6 mm"
C65,Capacitor 100nF +/-20% 25V 0402,Top,CAPC0402(1005)60_L,121.3831,78.6144,360,"Chip Capacitor, 100nF +/-20%, 25V, 0402, Thickness 0.6 mm"
C64,Capacitor 100nF +/-20% 25V 0402,Top,CAPC0402(1005)60_L,106.8691,78.6144,360,"Chip Capacitor, 100nF +/-20%, 25V, 0402, Thickness 0.6 mm"
C63,Capacitor 100nF +/-20% 25V 0402,Top,CAPC0402(1005)60_L,92.3551,78.6144,360,"Chip Capacitor, 100nF +/-20%, 25V, 0402, Thickness 0.6 mm"
C62,Capacitor 100nF +/-20% 25V 0402,Top,CAPC0402(1005)60_L,77.8411,78.6144,360,"Chip Capacitor, 100nF +/-20%, 25V, 0402, Thickness 0.6 mm"
C61,Capacitor 100nF +/-20% 25V 0402,Top,CAPC0402(1005)60_L,63.3271,78.6144,360,"Chip Capacitor, 100nF +/-20%, 25V, 0402, Thickness 0.6 mm"
C60,Capacitor 100nF +/-20% 25V 0402,Top,CAPC0402(1005)60_L,48.8131,78.6144,360,"Chip Capacitor, 100nF +/-20%, 25V, 0402, Thickness 0.6 mm"
C59,Capacitor 100nF +/-20% 25V 0402,Top,CAPC0402(1005)60_L,34.2991,78.6144,360,"Chip Capacitor, 100nF +/-20%, 25V, 0402, Thickness 0.6 mm"
C58,Capacitor 100nF +/-20% 25V 0402,Top,CAPC0402(1005)60_L,19.7851,78.6144,360,"Chip Capacitor, 100nF +/-20%, 25V, 0402, Thickness 0.6 mm"
C57,Capacitor 100nF +/-20% 25V 0402,Top,CAPC0402(1005)60_L,164.9251,93.2284,360,"Chip Capacitor, 100nF +/-20%, 25V, 0402, Thickness 0.6 mm"
C56,Capacitor 100nF +/-20% 25V 0402,Top,CAPC0402(1005)60_L,150.4111,93.2284,360,"Chip Capacitor, 100nF +/-20%, 25V, 0402, Thickness 0.6 mm"
C55,Capacitor 100nF +/-20% 25V 0402,Top,CAPC0402(1005)60_L,135.8971,93.2284,360,"Chip Capacitor, 100nF +/-20%, 25V, 0402, Thickness 0.6 mm"
C54,Capacitor 100nF +/-20% 25V 0402,Top,CAPC0402(1005)60_L,121.3831,93.2284,360,"Chip Capacitor, 100nF +/-20%, 25V, 0402, Thickness 0.6 mm"
C53,Capacitor 100nF +/-20% 25V 0402,Top,CAPC0402(1005)60_L,135.8971,64.0004,360,"Chip Capacitor, 100nF +/-20%, 25V, 0402, Thickness 0.6 mm"
C52,Capacitor 100nF +/-20% 25V 0402,Top,CAPC0402(1005)60_L,121.3831,64.0004,360,"Chip Capacitor, 100nF +/-20%, 25V, 0402, Thickness 0.6 mm"
C51,Capacitor 100nF +/-20% 25V 0402,Top,CAPC0402(1005)60_L,106.8691,64.0004,360,"Chip Capacitor, 100nF +/-20%, 25V, 0402, Thickness 0.6 mm"
C50,Capacitor 100nF +/-20% 25V 0402,Top,CAPC0402(1005)60_L,92.3551,64.0004,360,"Chip Capacitor, 100nF +/-20%, 25V, 0402, Thickness 0.6 mm"
C49,Capacitor 100nF +/-20% 25V 0402,Top,CAPC0402(1005)60_L,77.8411,64.0004,360,"Chip Capacitor, 100nF +/-20%, 25V, 0402, Thickness 0.6 mm"
C48,Capacitor 100nF +/-20% 25V 0402,Top,CAPC0402(1005)60_L,63.3271,64.0004,360,"Chip Capacitor, 100nF +/-20%, 25V, 0402, Thickness 0.6 mm"
C47,Capacitor 100nF +/-20% 25V 0402,Top,CAPC0402(1005)60_L,48.8131,64.0004,360,"Chip Capacitor, 100nF +/-20%, 25V, 0402, Thickness 0.6 mm"
C46,Capacitor 100nF +/-20% 25V 0402,Top,CAPC0402(1005)60_L,34.2991,64.0004,360,"Chip Capacitor, 100nF +/-20%, 25V, 0402, Thickness 0.6 mm"
C45,Capacitor 100nF +/-20% 25V 0402,Top,CAPC0402(1005)60_L,19.7851,64.0004,360,"Chip Capacitor, 100nF +/-20%, 25V, 0402, Thickness 0.6 mm"
C44,Capacitor 100nF +/-20% 25V 0402,Top,CAPC0402(1005)60_L,164.9251,78.6144,360,"Chip Capacitor, 100nF +/-20%, 25V, 0402, Thickness 0.6 mm"
C43,Capacitor 100nF +/-20% 25V 0402,Top,CAPC0402(1005)60_L,150.4111,78.6144,360,"Chip Capacitor, 100nF +/-20%, 25V, 0402, Thickness 0.6 mm"
C42,Capacitor 100nF +/-20% 25V 0402,Top,CAPC0402(1005)60_L,135.8971,78.6144,360,"Chip Capacitor, 100nF +/-20%, 25V, 0402, Thickness 0.6 mm"
C41,Capacitor 100nF +/-20% 25V 0402,Top,CAPC0402(1005)60_L,150.4111,49.3864,360,"Chip Capacitor, 100nF +/-20%, 25V, 0402, Thickness 0.6 mm"
C40,Capacitor 100nF +/-20% 25V 0402,Top,CAPC0402(1005)60_L,135.8971,49.3864,360,"Chip Capacitor, 100nF +/-20%, 25V, 0402, Thickness 0.6 mm"
C39,Capacitor 100nF +/-20% 25V 0402,Top,CAPC0402(1005)60_L,121.3831,49.3864,360,"Chip Capacitor, 100nF +/-20%, 25V, 0402, Thickness 0.6 mm"
C38,Capacitor 100nF +/-20% 25V 0402,Top,CAPC0402(1005)60_L,106.8691,49.3864,360,"Chip Capacitor, 100nF +/-20%, 25V, 0402, Thickness 0.6 mm"
C37,Capacitor 100nF +/-20% 25V 0402,Top,CAPC0402(1005)60_L,92.3551,49.3864,360,"Chip Capacitor, 100nF +/-20%, 25V, 0402, Thickness 0.6 mm"
C36,Capacitor 100nF +/-20% 25V 0402,Top,CAPC0402(1005)60_L,77.8411,49.3864,360,"Chip Capacitor, 100nF +/-20%, 25V, 0402, Thickness 0.6 mm"
C35,Capacitor 100nF +/-20% 25V 0402,Top,CAPC0402(1005)60_L,63.3271,49.3864,360,"Chip Capacitor, 100nF +/-20%, 25V, 0402, Thickness 0.6 mm"
C34,Capacitor 100nF +/-20% 25V 0402,Top,CAPC0402(1005)60_L,48.8131,49.3864,360,"Chip Capacitor, 100nF +/-20%, 25V, 0402, Thickness 0.6 mm"
C33,Capacitor 100nF +/-20% 25V 0402,Top,CAPC0402(1005)60_L,34.2991,49.3864,360,"Chip Capacitor, 100nF +/-20%, 25V, 0402, Thickness 0.6 mm"
C32,Capacitor 100nF +/-20% 25V 0402,Top,CAPC0402(1005)60_L,19.7851,49.3864,360,"Chip Capacitor, 100nF +/-20%, 25V, 0402, Thickness 0.6 mm"
C31,Capacitor 100nF +/-20% 25V 0402,Top,CAPC0402(1005)60_L,164.9251,64.0004,360,"Chip Capacitor, 100nF +/-20%, 25V, 0402, Thickness 0.6 mm"
C30,Capacitor 100nF +/-20% 25V 0402,Top,CAPC0402(1005)60_L,150.4111,64.0004,360,"Chip Capacitor, 100nF +/-20%, 25V, 0402, Thickness 0.6 mm"
C29,Capacitor 100nF +/-20% 25V 0402,Top,CAPC0402(1005)60_L,135.8971,34.7724,360,"Chip Capacitor, 100nF +/-20%, 25V, 0402, Thickness 0.6 mm"
C28,Capacitor 100nF +/-20% 25V 0402,Top,CAPC0402(1005)60_L,121.3831,34.7724,360,"Chip Capacitor, 100nF +/-20%, 25V, 0402, Thickness 0.6 mm"
C27,Capacitor 100nF +/-20% 25V 0402,Top,CAPC0402(1005)60_L,106.8691,34.7724,360,"Chip Capacitor, 100nF +/-20%, 25V, 0402, Thickness 0.6 mm"
C26,Capacitor 100nF +/-20% 25V 0402,Top,CAPC0402(1005)60_L,92.3551,34.7724,360,"Chip Capacitor, 100nF +/-20%, 25V, 0402, Thickness 0.6 mm"
C25,Capacitor 100nF +/-20% 25V 0402,Top,CAPC0402(1005)60_L,77.8411,34.7724,360,"Chip Capacitor, 100nF +/-20%, 25V, 0402, Thickness 0.6 mm"
C24,Capacitor 100nF +/-20% 25V 0402,Top,CAPC0402(1005)60_L,63.3271,34.7724,360,"Chip Capacitor, 100nF +/-20%, 25V, 0402, Thickness 0.6 mm"
C23,Capacitor 100nF +/-20% 25V 0402,Top,CAPC0402(1005)60_L,48.8131,34.7724,360,"Chip Capacitor, 100nF +/-20%, 25V, 0402, Thickness 0.6 mm"
C22,Capacitor 100nF +/-20% 25V 0402,Top,CAPC0402(1005)60_L,34.2991,34.7724,360,"Chip Capacitor, 100nF +/-20%, 25V, 0402, Thickness 0.6 mm"
C21,Capacitor 100nF +/-20% 25V 0402,Top,CAPC0402(1005)60_L,19.7851,34.7724,360,"Chip Capacitor, 100nF +/-20%, 25V, 0402, Thickness 0.6 mm"
C20,Capacitor 100nF +/-20% 25V 0402,Top,CAPC0402(1005)60_L,164.9251,49.3864,360,"Chip Capacitor, 100nF +/-20%, 25V, 0402, Thickness 0.6 mm"
C2,Capacitor 100nF +/-20% 25V 0402,Top,CAPC0402(1005)60_L,150.4111,34.7724,360,"Chip Capacitor, 100nF +/-20%, 25V, 0402, Thickness 0.6 mm"
C1,Capacitor 100nF +/-20% 25V 0402,Top,CAPC0402(1005)60_L,165.1,34.798,360,"Chip Capacitor, 100nF +/-20%, 25V, 0402, Thickness 0.6 mm"
U10,WS2812B,Top,ADAI-WS2812B_V,158.9314,195.4376,180,"Intelligent Control LED Integrated Light Source, 3.5 to 5.3 V, -25 to 80 degC, 4-Pin SMD, RoHS, Bulk"
J1,217178-0001,Bottom,FP-217178-0001-MFG,164,13.4325,0,CONN RCPT USB2.0 TYP C 24POS SMD
DS1,LTC-4627G,Bottom,FP-LTC-4627G-MFG,86.36,152.8,180,"LED 7-SEG 4DIGIT GRN 0.4"" CA"
ENC1,PEC11R-4015F-S0024,Bottom,FP-PEC11R-4015F-S0024-MFG,19.48,17.31,270,ROTARY ENCODER MECHANICAL 24PPR
R5,10k,Top,RES_0402,32.76,14.27,90,Resistor SMD 0402
R4,10k,Top,RES_0402,32.76,20.27,270,Resistor SMD 0402
R3,10k,Top,RES_0402,31.26,19.27,270,Resistor SMD 0402
R2,10k,Top,RES_0402,31.26,15.27,90,Resistor SMD 0402
C6,10n,Top,CAP_0402,29.76,19.27,90,Capacitor SMD 0402
C5,10n,Top,CAP_0402,29.76,15.27,270,Capacitor SMD 0402
U143,STM32F411CEU6,Top,STM-UFQFPN48_L,149.1583,18.5242,360,"ARM Cortex-M4 32-bit MCU+FPU, 512 KB Flash, 128 KB RAM, 36 I/Os, 48-Pin UFQFPN, -40 to 85 degC, Tray"
U142,AMS1117-3.3,Top,FP-AMS1117-IPC_C,172.9594,29.3003,90,"LDO Voltage Regulators 1A, 3.3V"
X2,24MHz,Top,XTAL_3225,139.446,13.716,360,C7294565
X1,32MHz768,Top,XTAL_3215-2,139.0594,24.0254,180,Crystal SMD 3215
U141,WS2812B,Bottom,ADAI-WS2812B_V,129.9028,173.1283,180,"Intelligent Control LED Integrated Light Source, 3.5 to 5.3 V, -25 to 80 degC, 4-Pin SMD, RoHS, Bulk"
U140,WS2812B,Bottom,ADAI-WS2812B_V,100.8743,172.4508,180,"Intelligent Control LED Integrated Light Source, 3.5 to 5.3 V, -25 to 80 degC, 4-Pin SMD, RoHS, Bulk"
U139,WS2812B,Bottom,ADAI-WS2812B_V,71.8457,172.4508,180,"Intelligent Control LED Integrated Light Source, 3.5 to 5.3 V, -25 to 80 degC, 4-Pin SMD, RoHS, Bulk"
U138,WS2812B,Bottom,ADAI-WS2812B_V,42.8171,172.4944,180,"Intelligent Control LED Integrated Light Source, 3.5 to 5.3 V, -25 to 80 degC, 4-Pin SMD, RoHS, Bulk"
U137,WS2812B,Bottom,ADAI-WS2812B_V,71.8457,190.0744,180,"Intelligent Control LED Integrated Light Source, 3.5 to 5.3 V, -25 to 80 degC, 4-Pin SMD, RoHS, Bulk"
U136,WS2812B,Bottom,ADAI-WS2812B_V,100.8743,190.0744,180,"Intelligent Control LED Integrated Light Source, 3.5 to 5.3 V, -25 to 80 degC, 4-Pin SMD, RoHS, Bulk"
U135,WS2812B,Top,ADAI-WS2812B_V,115.3885,20.4724,180,"Intelligent Control LED Integrated Light Source, 3.5 to 5.3 V, -25 to 80 degC, 4-Pin SMD, RoHS, Bulk"
U134,WS2812B,Top,ADAI-WS2812B_V,96.0471,20.4724,180,"Intelligent Control LED Integrated Light Source, 3.5 to 5.3 V, -25 to 80 degC, 4-Pin SMD, RoHS, Bulk"
U133,WS2812B,Top,ADAI-WS2812B_V,76.7057,20.4724,180,"Intelligent Control LED Integrated Light Source, 3.5 to 5.3 V, -25 to 80 degC, 4-Pin SMD, RoHS, Bulk"
U132,WS2812B,Top,ADAI-WS2812B_V,57.3643,20.4724,180,"Intelligent Control LED Integrated Light Source, 3.5 to 5.3 V, -25 to 80 degC, 4-Pin SMD, RoHS, Bulk"
U131,WS2812B,Top,ADAI-WS2812B_V,158.9314,35.7805,180,"Intelligent Control LED Integrated Light Source, 3.5 to 5.3 V, -25 to 80 degC, 4-Pin SMD, RoHS, Bulk"
U130,WS2812B,Top,ADAI-WS2812B_V,144.4171,35.7805,180,"Intelligent Control LED Integrated Light Source, 3.5 to 5.3 V, -25 to 80 degC, 4-Pin SMD, RoHS, Bulk"
U129,WS2812B,Top,ADAI-WS2812B_V,129.9028,35.7805,180,"Intelligent Control LED Integrated Light Source, 3.5 to 5.3 V, -25 to 80 degC, 4-Pin SMD, RoHS, Bulk"
U128,WS2812B,Top,ADAI-WS2812B_V,115.3886,35.7805,180,"Intelligent Control LED Integrated Light Source, 3.5 to 5.3 V, -25 to 80 degC, 4-Pin SMD, RoHS, Bulk"
U127,WS2812B,Top,ADAI-WS2812B_V,100.8743,35.7805,180,"Intelligent Control LED Integrated Light Source, 3.5 to 5.3 V, -25 to 80 degC, 4-Pin SMD, RoHS, Bulk"
U126,WS2812B,Top,ADAI-WS2812B_V,86.36,35.7805,180,"Intelligent Control LED Integrated Light Source, 3.5 to 5.3 V, -25 to 80 degC, 4-Pin SMD, RoHS, Bulk"
U125,WS2812B,Top,ADAI-WS2812B_V,71.8457,35.7805,180,"Intelligent Control LED Integrated Light Source, 3.5 to 5.3 V, -25 to 80 degC, 4-Pin SMD, RoHS, Bulk"
U124,WS2812B,Top,ADAI-WS2812B_V,57.3314,35.7805,180,"Intelligent Control LED Integrated Light Source, 3.5 to 5.3 V, -25 to 80 degC, 4-Pin SMD, RoHS, Bulk"
U123,WS2812B,Top,ADAI-WS2812B_V,42.8171,35.7805,180,"Intelligent Control LED Integrated Light Source, 3.5 to 5.3 V, -25 to 80 degC, 4-Pin SMD, RoHS, Bulk"
U122,WS2812B,Top,ADAI-WS2812B_V,28.3029,35.7805,180,"Intelligent Control LED Integrated Light Source, 3.5 to 5.3 V, -25 to 80 degC, 4-Pin SMD, RoHS, Bulk"
U121,WS2812B,Top,ADAI-WS2812B_V,13.7886,35.7805,180,"Intelligent Control LED Integrated Light Source, 3.5 to 5.3 V, -25 to 80 degC, 4-Pin SMD, RoHS, Bulk"
U120,WS2812B,Top,ADAI-WS2812B_V,158.9314,50.2948,180,"Intelligent Control LED Integrated Light Source, 3.5 to 5.3 V, -25 to 80 degC, 4-Pin SMD, RoHS, Bulk"
U119,WS2812B,Top,ADAI-WS2812B_V,144.4171,50.2948,180,"Intelligent Control LED Integrated Light Source, 3.5 to 5.3 V, -25 to 80 degC, 4-Pin SMD, RoHS, Bulk"
U118,WS2812B,Top,ADAI-WS2812B_V,129.9028,50.2948,180,"Intelligent Control LED Integrated Light Source, 3.5 to 5.3 V, -25 to 80 degC, 4-Pin SMD, RoHS, Bulk"
U117,WS2812B,Top,ADAI-WS2812B_V,115.3886,50.2948,180,"Intelligent Control LED Integrated Light Source, 3.5 to 5.3 V, -25 to 80 degC, 4-Pin SMD, RoHS, Bulk"
U116,WS2812B,Top,ADAI-WS2812B_V,100.8743,50.2948,180,"Intelligent Control LED Integrated Light Source, 3.5 to 5.3 V, -25 to 80 degC, 4-Pin SMD, RoHS, Bulk"
U115,WS2812B,Top,ADAI-WS2812B_V,86.36,50.2948,180,"Intelligent Control LED Integrated Light Source, 3.5 to 5.3 V, -25 to 80 degC, 4-Pin SMD, RoHS, Bulk"
U114,WS2812B,Top,ADAI-WS2812B_V,71.8457,50.2948,180,"Intelligent Control LED Integrated Light Source, 3.5 to 5.3 V, -25 to 80 degC, 4-Pin SMD, RoHS, Bulk"
U113,WS2812B,Top,ADAI-WS2812B_V,57.3314,50.2948,180,"Intelligent Control LED Integrated Light Source, 3.5 to 5.3 V, -25 to 80 degC, 4-Pin SMD, RoHS, Bulk"
U112,WS2812B,Top,ADAI-WS2812B_V,42.8171,50.2948,180,"Intelligent Control LED Integrated Light Source, 3.5 to 5.3 V, -25 to 80 degC, 4-Pin SMD, RoHS, Bulk"
U111,WS2812B,Top,ADAI-WS2812B_V,28.3029,50.2948,180,"Intelligent Control LED Integrated Light Source, 3.5 to 5.3 V, -25 to 80 degC, 4-Pin SMD, RoHS, Bulk"
U110,WS2812B,Top,ADAI-WS2812B_V,13.7886,50.2948,180,"Intelligent Control LED Integrated Light Source, 3.5 to 5.3 V, -25 to 80 degC, 4-Pin SMD, RoHS, Bulk"
U109,WS2812B,Top,ADAI-WS2812B_V,158.9314,64.809,180,"Intelligent Control LED Integrated Light Source, 3.5 to 5.3 V, -25 to 80 degC, 4-Pin SMD, RoHS, Bulk"
U108,WS2812B,Top,ADAI-WS2812B_V,144.4171,64.809,180,"Intelligent Control LED Integrated Light Source, 3.5 to 5.3 V, -25 to 80 degC, 4-Pin SMD, RoHS, Bulk"
U107,WS2812B,Top,ADAI-WS2812B_V,129.9028,64.809,180,"Intelligent Control LED Integrated Light Source, 3.5 to 5.3 V, -25 to 80 degC, 4-Pin SMD, RoHS, Bulk"
U106,WS2812B,Top,ADAI-WS2812B_V,115.3886,64.809,180,"Intelligent Control LED Integrated Light Source, 3.5 to 5.3 V, -25 to 80 degC, 4-Pin SMD, RoHS, Bulk"
U105,WS2812B,Top,ADAI-WS2812B_V,100.8743,64.809,180,"Intelligent Control LED Integrated Light Source, 3.5 to 5.3 V, -25 to 80 degC, 4-Pin SMD, RoHS, Bulk"
U104,WS2812B,Top,ADAI-WS2812B_V,86.36,64.809,180,"Intelligent Control LED Integrated Light Source, 3.5 to 5.3 V, -25 to 80 degC, 4-Pin SMD, RoHS, Bulk"
U103,WS2812B,Top,ADAI-WS2812B_V,71.8457,64.809,180,"Intelligent Control LED Integrated Light Source, 3.5 to 5.3 V, -25 to 80 degC, 4-Pin SMD, RoHS, Bulk"
U102,WS2812B,Top,ADAI-WS2812B_V,57.3314,64.809,180,"Intelligent Control LED Integrated Light Source, 3.5 to 5.3 V, -25 to 80 degC, 4-Pin SMD, RoHS, Bulk"
U101,WS2812B,Top,ADAI-WS2812B_V,42.8171,64.809,180,"Intelligent Control LED Integrated Light Source, 3.5 to 5.3 V, -25 to 80 degC, 4-Pin SMD, RoHS, Bulk"
U100,WS2812B,Top,ADAI-WS2812B_V,28.3029,64.809,180,"Intelligent Control LED Integrated Light Source, 3.5 to 5.3 V, -25 to 80 degC, 4-Pin SMD, RoHS, Bulk"
U99,WS2812B,Top,ADAI-WS2812B_V,13.7886,64.809,180,"Intelligent Control LED Integrated Light Source, 3.5 to 5.3 V, -25 to 80 degC, 4-Pin SMD, RoHS, Bulk"
U98,WS2812B,Top,ADAI-WS2812B_V,158.9314,79.3233,180,"Intelligent Control LED Integrated Light Source, 3.5 to 5.3 V, -25 to 80 degC, 4-Pin SMD, RoHS, Bulk"
U97,WS2812B,Top,ADAI-WS2812B_V,144.4171,79.3233,180,"Intelligent Control LED Integrated Light Source, 3.5 to 5.3 V, -25 to 80 degC, 4-Pin SMD, RoHS, Bulk"
U96,WS2812B,Top,ADAI-WS2812B_V,129.9028,79.3233,180,"Intelligent Control LED Integrated Light Source, 3.5 to 5.3 V, -25 to 80 degC, 4-Pin SMD, RoHS, Bulk"
U95,WS2812B,Top,ADAI-WS2812B_V,115.3886,79.3233,180,"Intelligent Control LED Integrated Light Source, 3.5 to 5.3 V, -25 to 80 degC, 4-Pin SMD, RoHS, Bulk"
U94,WS2812B,Top,ADAI-WS2812B_V,100.8743,79.3233,180,"Intelligent Control LED Integrated Light Source, 3.5 to 5.3 V, -25 to 80 degC, 4-Pin SMD, RoHS, Bulk"
U93,WS2812B,Top,ADAI-WS2812B_V,86.36,79.3233,180,"Intelligent Control LED Integrated Light Source, 3.5 to 5.3 V, -25 to 80 degC, 4-Pin SMD, RoHS, Bulk"
U92,WS2812B,Top,ADAI-WS2812B_V,71.8457,79.3233,180,"Intelligent Control LED Integrated Light Source, 3.5 to 5.3 V, -25 to 80 degC, 4-Pin SMD, RoHS, Bulk"
U91,WS2812B,Top,ADAI-WS2812B_V,57.3314,79.3233,180,"Intelligent Control LED Integrated Light Source, 3.5 to 5.3 V, -25 to 80 degC, 4-Pin SMD, RoHS, Bulk"
U90,WS2812B,Top,ADAI-WS2812B_V,42.8171,79.3233,180,"Intelligent Control LED Integrated Light Source, 3.5 to 5.3 V, -25 to 80 degC, 4-Pin SMD, RoHS, Bulk"
U89,WS2812B,Top,ADAI-WS2812B_V,28.3029,79.3233,180,"Intelligent Control LED Integrated Light Source, 3.5 to 5.3 V, -25 to 80 degC, 4-Pin SMD, RoHS, Bulk"
U88,WS2812B,Top,ADAI-WS2812B_V,13.7886,79.3233,180,"Intelligent Control LED Integrated Light Source, 3.5 to 5.3 V, -25 to 80 degC, 4-Pin SMD, RoHS, Bulk"
U87,WS2812B,Top,ADAI-WS2812B_V,158.9314,93.8376,180,"Intelligent Control LED Integrated Light Source, 3.5 to 5.3 V, -25 to 80 degC, 4-Pin SMD, RoHS, Bulk"
U86,WS2812B,Top,ADAI-WS2812B_V,144.4171,93.8376,180,"Intelligent Control LED Integrated Light Source, 3.5 to 5.3 V, -25 to 80 degC, 4-Pin SMD, RoHS, Bulk"
U85,WS2812B,Top,ADAI-WS2812B_V,129.9028,93.8376,180,"Intelligent Control LED Integrated Light Source, 3.5 to 5.3 V, -25 to 80 degC, 4-Pin SMD, RoHS, Bulk"
U84,WS2812B,Top,ADAI-WS2812B_V,115.3886,93.8376,180,"Intelligent Control LED Integrated Light Source, 3.5 to 5.3 V, -25 to 80 degC, 4-Pin SMD, RoHS, Bulk"
U83,WS2812B,Top,ADAI-WS2812B_V,100.8743,93.8376,180,"Intelligent Control LED Integrated Light Source, 3.5 to 5.3 V, -25 to 80 degC, 4-Pin SMD, RoHS, Bulk"
U82,WS2812B,Top,ADAI-WS2812B_V,86.36,93.8376,180,"Intelligent Control LED Integrated Light Source, 3.5 to 5.3 V, -25 to 80 degC, 4-Pin SMD, RoHS, Bulk"
U81,WS2812B,Top,ADAI-WS2812B_V,71.8457,93.8376,180,"Intelligent Control LED Integrated Light Source, 3.5 to 5.3 V, -25 to 80 degC, 4-Pin SMD, RoHS, Bulk"
U80,WS2812B,Top,ADAI-WS2812B_V,57.3314,93.8376,180,"Intelligent Control LED Integrated Light Source, 3.5 to 5.3 V, -25 to 80 degC, 4-Pin SMD, RoHS, Bulk"
U79,WS2812B,Top,ADAI-WS2812B_V,42.8171,93.8376,180,"Intelligent Control LED Integrated Light Source, 3.5 to 5.3 V, -25 to 80 degC, 4-Pin SMD, RoHS, Bulk"
U78,WS2812B,Top,ADAI-WS2812B_V,28.3029,93.8376,180,"Intelligent Control LED Integrated Light Source, 3.5 to 5.3 V, -25 to 80 degC, 4-Pin SMD, RoHS, Bulk"
U77,WS2812B,Top,ADAI-WS2812B_V,13.7886,93.8376,180,"Intelligent Control LED Integrated Light Source, 3.5 to 5.3 V, -25 to 80 degC, 4-Pin SMD, RoHS, Bulk"
U76,WS2812B,Top,ADAI-WS2812B_V,158.9314,108.3519,180,"Intelligent Control LED Integrated Light Source, 3.5 to 5.3 V, -25 to 80 degC, 4-Pin SMD, RoHS, Bulk"
U75,WS2812B,Top,ADAI-WS2812B_V,144.4171,108.3519,180,"Intelligent Control LED Integrated Light Source, 3.5 to 5.3 V, -25 to 80 degC, 4-Pin SMD, RoHS, Bulk"
U74,WS2812B,Top,ADAI-WS2812B_V,129.9028,108.3519,180,"Intelligent Control LED Integrated Light Source, 3.5 to 5.3 V, -25 to 80 degC, 4-Pin SMD, RoHS, Bulk"
U73,WS2812B,Top,ADAI-WS2812B_V,115.3886,108.3519,180,"Intelligent Control LED Integrated Light Source, 3.5 to 5.3 V, -25 to 80 degC, 4-Pin SMD, RoHS, Bulk"
U72,WS2812B,Top,ADAI-WS2812B_V,100.8743,108.3519,180,"Intelligent Control LED Integrated Light Source, 3.5 to 5.3 V, -25 to 80 degC, 4-Pin SMD, RoHS, Bulk"
U71,WS2812B,Top,ADAI-WS2812B_V,86.36,108.3519,180,"Intelligent Control LED Integrated Light Source, 3.5 to 5.3 V, -25 to 80 degC, 4-Pin SMD, RoHS, Bulk"
U70,WS2812B,Top,ADAI-WS2812B_V,71.8457,108.3519,180,"Intelligent Control LED Integrated Light Source, 3.5 to 5.3 V, -25 to 80 degC, 4-Pin SMD, RoHS, Bulk"
U69,WS2812B,Top,ADAI-WS2812B_V,57.3314,108.3519,180,"Intelligent Control LED Integrated Light Source, 3.5 to 5.3 V, -25 to 80 degC, 4-Pin SMD, RoHS, Bulk"
U68,WS2812B,Top,ADAI-WS2812B_V,42.8171,108.3519,180,"Intelligent Control LED Integrated Light Source, 3.5 to 5.3 V, -25 to 80 degC, 4-Pin SMD, RoHS, Bulk"
U67,WS2812B,Top,ADAI-WS2812B_V,28.3029,108.3519,180,"Intelligent Control LED Integrated Light Source, 3.5 to 5.3 V, -25 to 80 degC, 4-Pin SMD, RoHS, Bulk"
U66,WS2812B,Top,ADAI-WS2812B_V,13.7886,108.3519,180,"Intelligent Control LED Integrated Light Source, 3.5 to 5.3 V, -25 to 80 degC, 4-Pin SMD, RoHS, Bulk"
U65,WS2812B,Top,ADAI-WS2812B_V,158.9314,122.8662,180,"Intelligent Control LED Integrated Light Source, 3.5 to 5.3 V, -25 to 80 degC, 4-Pin SMD, RoHS, Bulk"
U64,WS2812B,Top,ADAI-WS2812B_V,144.4171,122.8662,180,"Intelligent Control LED Integrated Light Source, 3.5 to 5.3 V, -25 to 80 degC, 4-Pin SMD, RoHS, Bulk"
U63,WS2812B,Top,ADAI-WS2812B_V,129.9028,122.8662,180,"Intelligent Control LED Integrated Light Source, 3.5 to 5.3 V, -25 to 80 degC, 4-Pin SMD, RoHS, Bulk"
U62,WS2812B,Top,ADAI-WS2812B_V,115.3886,122.8662,180,"Intelligent Control LED Integrated Light Source, 3.5 to 5.3 V, -25 to 80 degC, 4-Pin SMD, RoHS, Bulk"
U61,WS2812B,Top,ADAI-WS2812B_V,100.8743,122.8662,180,"Intelligent Control LED Integrated Light Source, 3.5 to 5.3 V, -25 to 80 degC, 4-Pin SMD, RoHS, Bulk"
U60,WS2812B,Top,ADAI-WS2812B_V,86.36,122.8662,180,"Intelligent Control LED Integrated Light Source, 3.5 to 5.3 V, -25 to 80 degC, 4-Pin SMD, RoHS, Bulk"
U59,WS2812B,Top,ADAI-WS2812B_V,71.8457,122.8662,180,"Intelligent Control LED Integrated Light Source, 3.5 to 5.3 V, -25 to 80 degC, 4-Pin SMD, RoHS, Bulk"
U58,WS2812B,Top,ADAI-WS2812B_V,57.3314,122.8662,180,"Intelligent Control LED Integrated Light Source, 3.5 to 5.3 V, -25 to 80 degC, 4-Pin SMD, RoHS, Bulk"
U57,WS2812B,Top,ADAI-WS2812B_V,42.8171,122.8662,180,"Intelligent Control LED Integrated Light Source, 3.5 to 5.3 V, -25 to 80 degC, 4-Pin SMD, RoHS, Bulk"
U56,WS2812B,Top,ADAI-WS2812B_V,28.3029,122.8662,180,"Intelligent Control LED Integrated Light Source, 3.5 to 5.3 V, -25 to 80 degC, 4-Pin SMD, RoHS, Bulk"
U55,WS2812B,Top,ADAI-WS2812B_V,13.7886,122.8662,180,"Intelligent Control LED Integrated Light Source, 3.5 to 5.3 V, -25 to 80 degC, 4-Pin SMD, RoHS, Bulk"
U54,WS2812B,Top,ADAI-WS2812B_V,158.9314,137.3805,180,"Intelligent Control LED Integrated Light Source, 3.5 to 5.3 V, -25 to 80 degC, 4-Pin SMD, RoHS, Bulk"
U53,WS2812B,Top,ADAI-WS2812B_V,144.4171,137.3805,180,"Intelligent Control LED Integrated Light Source, 3.5 to 5.3 V, -25 to 80 degC, 4-Pin SMD, RoHS, Bulk"
U52,WS2812B,Top,ADAI-WS2812B_V,129.9028,137.3805,180,"Intelligent Control LED Integrated Light Source, 3.5 to 5.3 V, -25 to 80 degC, 4-Pin SMD, RoHS, Bulk"
U51,WS2812B,Top,ADAI-WS2812B_V,115.3886,137.3805,180,"Intelligent Control LED Integrated Light Source, 3.5 to 5.3 V, -25 to 80 degC, 4-Pin SMD, RoHS, Bulk"
U50,WS2812B,Top,ADAI-WS2812B_V,100.8743,137.3805,180,"Intelligent Control LED Integrated Light Source, 3.5 to 5.3 V, -25 to 80 degC, 4-Pin SMD, RoHS, Bulk"
U49,WS2812B,Top,ADAI-WS2812B_V,86.36,137.3805,180,"Intelligent Control LED Integrated Light Source, 3.5 to 5.3 V, -25 to 80 degC, 4-Pin SMD, RoHS, Bulk"
U48,WS2812B,Top,ADAI-WS2812B_V,71.8457,137.3805,180,"Intelligent Control LED Integrated Light Source, 3.5 to 5.3 V, -25 to 80 degC, 4-Pin SMD, RoHS, Bulk"
U47,WS2812B,Top,ADAI-WS2812B_V,57.3314,137.3805,180,"Intelligent Control LED Integrated Light Source, 3.5 to 5.3 V, -25 to 80 degC, 4-Pin SMD, RoHS, Bulk"
U46,WS2812B,Top,ADAI-WS2812B_V,42.8171,137.3805,180,"Intelligent Control LED Integrated Light Source, 3.5 to 5.3 V, -25 to 80 degC, 4-Pin SMD, RoHS, Bulk"
U45,WS2812B,Top,ADAI-WS2812B_V,28.3029,137.3805,180,"Intelligent Control LED Integrated Light Source, 3.5 to 5.3 V, -25 to 80 degC, 4-Pin SMD, RoHS, Bulk"
U44,WS2812B,Top,ADAI-WS2812B_V,13.7886,137.3805,180,"Intelligent Control LED Integrated Light Source, 3.5 to 5.3 V, -25 to 80 degC, 4-Pin SMD, RoHS, Bulk"
U43,WS2812B,Top,ADAI-WS2812B_V,158.9314,151.8947,180,"Intelligent Control LED Integrated Light Source, 3.5 to 5.3 V, -25 to 80 degC, 4-Pin SMD, RoHS, Bulk"
U42,WS2812B,Top,ADAI-WS2812B_V,144.4171,151.8947,180,"Intelligent Control LED Integrated Light Source, 3.5 to 5.3 V, -25 to 80 degC, 4-Pin SMD, RoHS, Bulk"
U41,WS2812B,Top,ADAI-WS2812B_V,129.9028,151.8947,180,"Intelligent Control LED Integrated Light Source, 3.5 to 5.3 V, -25 to 80 degC, 4-Pin SMD, RoHS, Bulk"
U40,WS2812B,Top,ADAI-WS2812B_V,115.3886,151.8947,180,"Intelligent Control LED Integrated Light Source, 3.5 to 5.3 V, -25 to 80 degC, 4-Pin SMD, RoHS, Bulk"
U39,WS2812B,Top,ADAI-WS2812B_V,100.8743,151.8947,180,"Intelligent Control LED Integrated Light Source, 3.5 to 5.3 V, -25 to 80 degC, 4-Pin SMD, RoHS, Bulk"
U38,WS2812B,Top,ADAI-WS2812B_V,86.36,151.8947,180,"Intelligent Control LED Integrated Light Source, 3.5 to 5.3 V, -25 to 80 degC, 4-Pin SMD, RoHS, Bulk"
U37,WS2812B,Top,ADAI-WS2812B_V,71.8457,151.8947,180,"Intelligent Control LED Integrated Light Source, 3.5 to 5.3 V, -25 to 80 degC, 4-Pin SMD, RoHS, Bulk"
U36,WS2812B,Top,ADAI-WS2812B_V,57.3314,151.8947,180,"Intelligent Control LED Integrated Light Source, 3.5 to 5.3 V, -25 to 80 degC, 4-Pin SMD, RoHS, Bulk"
U35,WS2812B,Top,ADAI-WS2812B_V,42.8171,151.8947,180,"Intelligent Control LED Integrated Light Source, 3.5 to 5.3 V, -25 to 80 degC, 4-Pin SMD, RoHS, Bulk"
U34,WS2812B,Top,ADAI-WS2812B_V,28.3029,151.8947,180,"Intelligent Control LED Integrated Light Source, 3.5 to 5.3 V, -25 to 80 degC, 4-Pin SMD, RoHS, Bulk"
U33,WS2812B,Top,ADAI-WS2812B_V,13.7886,151.8947,180,"Intelligent Control LED Integrated Light Source, 3.5 to 5.3 V, -25 to 80 degC, 4-Pin SMD, RoHS, Bulk"
U32,WS2812B,Top,ADAI-WS2812B_V,158.9314,166.409,180,"Intelligent Control LED Integrated Light Source, 3.5 to 5.3 V, -25 to 80 degC, 4-Pin SMD, RoHS, Bulk"
U31,WS2812B,Top,ADAI-WS2812B_V,144.4171,166.409,180,"Intelligent Control LED Integrated Light Source, 3.5 to 5.3 V, -25 to 80 degC, 4-Pin SMD, RoHS, Bulk"
U30,WS2812B,Top,ADAI-WS2812B_V,129.9028,166.409,180,"Intelligent Control LED Integrated Light Source, 3.5 to 5.3 V, -25 to 80 degC, 4-Pin SMD, RoHS, Bulk"
U29,WS2812B,Top,ADAI-WS2812B_V,115.3886,166.409,180,"Intelligent Control LED Integrated Light Source, 3.5 to 5.3 V, -25 to 80 degC, 4-Pin SMD, RoHS, Bulk"
U28,WS2812B,Top,ADAI-WS2812B_V,100.8743,166.409,180,"Intelligent Control LED Integrated Light Source, 3.5 to 5.3 V, -25 to 80 degC, 4-Pin SMD, RoHS, Bulk"
U27,WS2812B,Top,ADAI-WS2812B_V,86.36,166.409,180,"Intelligent Control LED Integrated Light Source, 3.5 to 5.3 V, -25 to 80 degC, 4-Pin SMD, RoHS, Bulk"
U26,WS2812B,Top,ADAI-WS2812B_V,71.8457,166.409,180,"Intelligent Control LED Integrated Light Source, 3.5 to 5.3 V, -25 to 80 degC, 4-Pin SMD, RoHS, Bulk"
U25,WS2812B,Top,ADAI-WS2812B_V,57.3314,166.409,180,"Intelligent Control LED Integrated Light Source, 3.5 to 5.3 V, -25 to 80 degC, 4-Pin SMD, RoHS, Bulk"
U24,WS2812B,Top,ADAI-WS2812B_V,42.8171,166.409,180,"Intelligent Control LED Integrated Light Source, 3.5 to 5.3 V, -25 to 80 degC, 4-Pin SMD, RoHS, Bulk"
U23,WS2812B,Top,ADAI-WS2812B_V,28.3029,166.409,180,"Intelligent Control LED Integrated Light Source, 3.5 to 5.3 V, -25 to 80 degC, 4-Pin SMD, RoHS, Bulk"
U22,WS2812B,Top,ADAI-WS2812B_V,13.7886,166.409,180,"Intelligent Control LED Integrated Light Source, 3.5 to 5.3 V, -25 to 80 degC, 4-Pin SMD, RoHS, Bulk"
U21,WS2812B,Top,ADAI-WS2812B_V,158.9314,180.9233,180,"Intelligent Control LED Integrated Light Source, 3.5 to 5.3 V, -25 to 80 degC, 4-Pin SMD, RoHS, Bulk"
U20,WS2812B,Top,ADAI-WS2812B_V,144.4171,180.9233,180,"Intelligent Control LED Integrated Light Source, 3.5 to 5.3 V, -25 to 80 degC, 4-Pin SMD, RoHS, Bulk"
U19,WS2812B,Top,ADAI-WS2812B_V,129.9028,180.9233,180,"Intelligent Control LED Integrated Light Source, 3.5 to 5.3 V, -25 to 80 degC, 4-Pin SMD, RoHS, Bulk"
U18,WS2812B,Top,ADAI-WS2812B_V,115.3886,180.9233,180,"Intelligent Control LED Integrated Light Source, 3.5 to 5.3 V, -25 to 80 degC, 4-Pin SMD, RoHS, Bulk"
U17,WS2812B,Top,ADAI-WS2812B_V,100.8743,180.9233,180,"Intelligent Control LED Integrated Light Source, 3.5 to 5.3 V, -25 to 80 degC, 4-Pin SMD, RoHS, Bulk"
U16,WS2812B,Top,ADAI-WS2812B_V,86.36,180.9233,180,"Intelligent Control LED Integrated Light Source, 3.5 to 5.3 V, -25 to 80 degC, 4-Pin SMD, RoHS, Bulk"
U15,WS2812B,Top,ADAI-WS2812B_V,71.8457,180.9233,180,"Intelligent Control LED Integrated Light Source, 3.5 to 5.3 V, -25 to 80 degC, 4-Pin SMD, RoHS, Bulk"
U14,WS2812B,Top,ADAI-WS2812B_V,57.3314,180.9233,180,"Intelligent Control LED Integrated Light Source, 3.5 to 5.3 V, -25 to 80 degC, 4-Pin SMD, RoHS, Bulk"
U13,WS2812B,Top,ADAI-WS2812B_V,42.8171,180.9233,180,"Intelligent Control LED Integrated Light Source, 3.5 to 5.3 V, -25 to 80 degC, 4-Pin SMD, RoHS, Bulk"
U12,WS2812B,Top,ADAI-WS2812B_V,28.3029,180.9233,180,"Intelligent Control LED Integrated Light Source, 3.5 to 5.3 V, -25 to 80 degC, 4-Pin SMD, RoHS, Bulk"
U11,WS2812B,Top,ADAI-WS2812B_V,13.7886,180.9233,180,"Intelligent Control LED Integrated Light Source, 3.5 to 5.3 V, -25 to 80 degC, 4-Pin SMD, RoHS, Bulk"
U9,WS2812B,Top,ADAI-WS2812B_V,144.4171,195.4376,180,"Intelligent Control LED Integrated Light Source, 3.5 to 5.3 V, -25 to 80 degC, 4-Pin SMD, RoHS, Bulk"
U8,WS2812B,Top,ADAI-WS2812B_V,129.9028,195.4376,180,"Intelligent Control LED Integrated Light Source, 3.5 to 5.3 V, -25 to 80 degC, 4-Pin SMD, RoHS, Bulk"
U7,WS2812B,Top,ADAI-WS2812B_V,115.3886,195.4376,180,"Intelligent Control LED Integrated Light Source, 3.5 to 5.3 V, -25 to 80 degC, 4-Pin SMD, RoHS, Bulk"
U6,WS2812B,Top,ADAI-WS2812B_V,100.8743,195.4376,180,"Intelligent Control LED Integrated Light Source, 3.5 to 5.3 V, -25 to 80 degC, 4-Pin SMD, RoHS, Bulk"
U5,WS2812B,Top,ADAI-WS2812B_V,86.36,195.4376,180,"Intelligent Control LED Integrated Light Source, 3.5 to 5.3 V, -25 to 80 degC, 4-Pin SMD, RoHS, Bulk"
U4,WS2812B,Top,ADAI-WS2812B_V,71.8457,195.4376,180,"Intelligent Control LED Integrated Light Source, 3.5 to 5.3 V, -25 to 80 degC, 4-Pin SMD, RoHS, Bulk"
U3,WS2812B,Top,ADAI-WS2812B_V,57.3314,195.4376,180,"Intelligent Control LED Integrated Light Source, 3.5 to 5.3 V, -25 to 80 degC, 4-Pin SMD, RoHS, Bulk"
U2,WS2812B,Top,ADAI-WS2812B_V,42.8171,195.4376,180,"Intelligent Control LED Integrated Light Source, 3.5 to 5.3 V, -25 to 80 degC, 4-Pin SMD, RoHS, Bulk"
U1,WS2812B,Top,ADAI-WS2812B_V,28.3029,195.4376,180,"Intelligent Control LED Integrated Light Source, 3.5 to 5.3 V, -25 to 80 degC, 4-Pin SMD, RoHS, Bulk"
U0,WS2812B,Top,ADAI-WS2812B_V,13.7886,195.4376,180,"Intelligent Control LED Integrated Light Source, 3.5 to 5.3 V, -25 to 80 degC, 4-Pin SMD, RoHS, Bulk"
R12,10k,Top,RES_0402,148.4083,24.2243,270,Resistor SMD 0402
R11,0R,Top,RES_0402,140.8094,18.2754,360,Resistor SMD 0402
R10,0R,Top,RES_0402,138.5594,20.7753,360,Resistor SMD 0402
R9,10k,Top,RES_0402,162.3094,23.762,360,Resistor SMD 0402
R8,1k,Top,RES_0402,162.3094,26.262,360,Resistor SMD 0402
R7,5k1,Top,RES_0402,165,9.5,90,Resistor SMD 0402
R6,5k1,Top,RES_0402,163,9.5,90,Resistor SMD 0402
R1,1k,Top,RES_0402,162.3094,25.012,360,Resistor SMD 0402
J3,2998TR,Bottom,2998TR,131.826,21.844,270,Coin Cell Battery Holder 6.8mm
J2,TC2030-NL,Top,TC2030-NL-FP,156.8494,25.7594,180,Tag-Connect No-Solder SWD Debug Connector (No Legs) DO NOT PLACE
C19,10n,Top,CAP_0402,10,15.5,90,Capacitor SMD 0402
D3,RED,Top,LED_0402_RED,164.5594,26.262,180,LED 0402 RED SMD
D2,C316041,Top,D_0402,167.9844,21.7003,270,Diode TVS / ESD 0402
D1,GREEN,Top,LED_0402_GREEN,164.5594,25.012,180,LED 0402 GREEN SMD
C18,100n,Top,CAP_0402,144.0594,21.7753,270,Capacitor SMD 0402
C17,100n,Top,CAP_0402,146.0594,23.7754,180,Capacitor SMD 0402
C16,100n,Top,CAP_0402,154.3094,21.7753,90,Capacitor SMD 0402
C15,100n,Top,CAP_0402,152.3094,13.5254,360,Capacitor SMD 0402
C14,100n,Top,CAP_0402,142.748,15.494,360,Capacitor SMD 0402
C13,2u2,Top,CAP_0603,146.0594,25.2753,180,Capacitor SMD 0603
C12,100n,Top,CAP_0402,161.3094,22.612,360,Capacitor SMD 0402
C11,2u2,Top,CAP_0603,152.3094,12.0253,180,Capacitor SMD 0603
C10,10p,Top,CAP_0402,140.8094,17.0253,180,Capacitor SMD 0402
C9,10p,Top,CAP_0402,138.5594,18.2754,360,Capacitor SMD 0402
C8,10p,Top,CAP_0402,138.5594,22.0254,180,Capacitor SMD 0402
C7,10p,Top,CAP_0402,140.8094,22.0254,180,Capacitor SMD 0402
C4,22u,Top,CAP_0805,172.9594,34.8003,180,Capacitor SMD 0805
C3,22u,Top,CAP_0805,172.95,23.8,360,Capacitor SMD 0805
